Narkissos_CameraCalibration_v3
NumCameras: 2

Camera: 0
Type: Microsoft Kinect
Serial: 47670240
Position: -364.398590 225.492828 1139.186035
Rotation: 0.828765 0.037929 -0.044375 0.556544
Projection: 490.483307 353.746582 -137.148926 170989.218750 -20.627920 20.005493 -582.146545 393175.156250 -0.115771 0.919122 -0.376579 1139.186035
Internal: 531.150024 0.000000 320.000000 0.000000 531.150024 240.000000 0.000000 0.000000 1.000000
Pose: 0.993185 0.112261 -0.031335 -364.398590 0.013475 -0.377640 -0.925854 225.492828 -0.115771 0.919122 -0.376579 1139.186035
Distortion: 0.000000 0.000000 0.000000 0.000000 0.000000
Imagesize: 640 480

Camera: 1
Type: Microsoft Kinect
Serial: 0
Position: 330.314789 159.036575 1187.539063
Rotation: 0.037465 0.824855 -0.562513 0.042311
Projection: -563.581360 -237.828110 -101.657188 555459.187500 -19.323339 -28.429937 -581.840759 369481.656250 -0.111951 -0.924812 -0.363578 1187.539063
Internal: 531.150024 0.000000 320.000000 0.000000 531.150024 240.000000 0.000000 0.000000 1.000000
Pose: -0.993612 0.109408 0.027653 330.314789 0.014205 0.364351 -0.931153 159.036575 -0.111951 -0.924812 -0.363578 1187.539063
Distortion: 0.000000 0.000000 0.000000 0.000000 0.000000
Imagesize: 640 480
