Narkissos_CameraCalibration_v3
NumCameras: 2

Camera: 0
Type: Microsoft Kinect
Serial: 47866848
Position: -388.278687 274.941040 1148.489746
Rotation: 0.815375 0.025843 -0.038448 0.577077
Projection: 499.262085 346.460022 -123.382126 161282.484375 -23.390898 48.703770 -580.345703 421672.468750 -0.092525 0.939081 -0.331008 1148.489746
Internal: 531.150024 0.000000 320.000000 0.000000 531.150024 240.000000 0.000000 0.000000 1.000000
Pose: 0.995708 0.086518 -0.032871 -388.278687 -0.002231 -0.332628 -0.943055 274.941040 -0.092525 0.939081 -0.331008 1148.489746
Distortion: 0.000000 0.000000 0.000000 0.000000 0.000000
Imagesize: 640 480

Camera: 1
Type: Microsoft Kinect
Serial: 0
Position: 329.813660 160.212799 1189.167480
Rotation: 0.036209 0.824939 -0.562388 0.043407
Projection: -563.705566 -238.249649 -99.967590 555714.125000 -21.163988 -28.162167 -581.789795 370497.218750 -0.112343 -0.924728 -0.363671 1189.167480
Internal: 531.150024 0.000000 320.000000 0.000000 531.150024 240.000000 0.000000 0.000000 1.000000
Pose: -0.993610 0.108563 0.030890 329.813660 0.010917 0.364817 -0.931015 160.212799 -0.112343 -0.924728 -0.363671 1189.167480
Distortion: 0.000000 0.000000 0.000000 0.000000 0.000000
Imagesize: 640 480
